  3 28 28 37.43 41.28 42.82 21984 0.00 0.00 0.00     0 37.01 41.02 42.67 11354     0 5.191
  3 28 28 37.45 41.28 42.82 21936 0.00 0.00 0.00     0 37.04 41.03 42.57 11306     0 5.347
  3 28 28 37.45 41.28 42.82 21936 0.00 0.00 0.00     0 37.04 41.03 42.57 11306     0 59.418
  3 28 28 37.43 41.28 42.82 21984 0.00 0.00 0.00     0 37.01 41.02 42.67 11354     0 5.155
  3 28 28 37.45 41.28 42.82 21936 0.00 0.00 0.00     0 37.04 41.03 42.57 11306     0 26.735
  3 28 28 37.45 41.28 42.82 21936 0.00 0.00 0.00     0 37.04 41.03 42.57 11306     0 26.720
  3 28 28 37.43 41.28 42.82 21984 0.00 0.00 0.00     0 37.01 41.02 42.67 11354     0 4.843
  3 28 28 37.43 41.28 42.82 21984 0.00 0.00 0.00     0 37.01 41.02 42.67 11354     0 4.952
  3 28 28 37.43 41.28 42.82 43904 0.00 0.00 0.00     0 37.01 41.02 42.67 22640     0 206.003
  3 28 28 37.45 41.28 42.82 21936 0.00 0.00 0.00     0 37.04 41.03 42.57 11306     0 25.607
  3 28 28 37.43 41.28 42.82 43904 0.00 0.00 0.00     0 37.01 41.02 42.67 22640     0 32.486
  3 28 28 37.45 41.28 42.82 21936 0.00 0.00 0.00     0 37.04 41.03 42.57 11306     0 25.668
  3 28 28 37.45 41.28 42.82 21936 0.00 0.00 0.00     0 37.04 41.03 42.57 11306     0 24.971
  3 28 28 37.45 41.28 42.82 22840 0.00 0.00 0.00     0 37.04 41.03 42.57 11768     0 25.085
  3 28 28 37.45 41.28 42.82 22840 0.00 0.00 0.00     0 37.04 41.03 42.57 11768     0 26.933
  3 28 28 37.45 41.28 42.82 21936 0.00 0.00 0.00     0 37.04 41.03 42.57 11306     0 25.755
  3 28 28 37.43 41.28 42.82 21984 0.00 0.00 0.00     0 37.01 41.02 42.67 11354     0 41.945
  3 28 28 37.45 41.28 42.82 21936 0.00 0.00 0.00     0 37.04 41.03 42.57 11306     0 30.046
  3 28 28 37.45 41.28 42.82 21936 0.00 0.00 0.00     0 37.04 41.03 42.57 11306     0 26.245
  3 28 28 37.43 41.28 42.82 21984 0.00 0.00 0.00     0 37.01 41.02 42.67 11354     0 57.091
  3 28 28 37.93 41.28 42.82 30384 0.00 0.00 0.00     0 37.45 41.06 42.48 15690     0 30.071
  3 28 28 37.43 41.28 42.82 21984 0.00 0.00 0.00     0 37.01 41.02 42.67 11354     0 20.313
  3 28 28 38.21 41.28 42.82 31712 0.00 0.00 0.00     0 37.60 41.05 42.61 16013     0 32.684
  3 28 28 37.43 41.28 42.82 21984 0.00 0.00 0.00     0 37.01 41.02 42.67 11354     0 48.757
  3 28 28 37.43 41.28 42.82 21984 0.00 0.00 0.00     0 37.01 41.02 42.67 11354     0 44.510
  3 28 28 37.45 41.28 42.82 21936 0.00 0.00 0.00     0 37.05 41.03 42.59 11314     0 36.004
  3 28 28 37.43 41.28 42.82 43904 0.00 0.00 0.00     0 37.01 41.02 42.67 22640     0 32.616
  3 28 28 37.43 41.28 42.82 21984 0.00 0.00 0.00     0 37.01 41.02 42.67 11354     0 28.631
  3 28 28 37.45 41.28 42.82 21936 0.00 0.00 0.00     0 37.04 41.03 42.57 11306     0 33.114
  3 28 28 37.45 41.28 42.82 21912 0.00 0.00 0.00     0 37.05 41.03 42.59 11306     0 32.950
  3 28 28 37.45 41.28 42.82 21936 0.00 0.00 0.00     0 37.04 41.03 42.57 11306     0 34.387
  3 28 28 37.43 41.28 42.82 21984 0.00 0.00 0.00     0 37.01 41.02 42.67 11354     0 29.033
  3 28 28 37.43 41.28 42.82 21984 0.00 0.00 0.00     0 37.01 41.02 42.67 11354     0 189.241
  3 28 28 37.43 41.28 42.82 21984 0.00 0.00 0.00     0 37.01 41.02 42.67 11360     0 51.918
  3 28 28 37.43 41.28 42.82 21984 0.00 0.00 0.00     0 37.01 41.02 42.67 11354     0 26.577
  3 28 28 37.43 41.28 42.82 21984 0.00 0.00 0.00     0 37.01 41.02 42.67 11354     0 41.746
  3 28 28 37.43 41.28 42.82 21984 0.00 0.00 0.00     0 37.01 41.02 42.67 11360     0 33.874
  3 28 28 37.43 41.28 42.82    72 0.00 0.00 0.00     0 37.01 41.02 42.67    72     0 36.791
  3 28 28 37.43 41.28 42.82    72 0.00 0.00 0.00     0 37.01 41.02 42.67    72     0 130.472
  3 28 28 37.43 41.28 42.82 21984 0.00 0.00 0.00     0 37.01 41.02 42.67 11360     0 19.346
  3 28 28 37.43 41.28 42.82 22168 0.00 0.00 0.00     0 37.01 41.02 42.67 11416     0 22.261
  3 28 28 37.43 41.28 42.82 22168 0.00 0.00 0.00     0 37.01 41.02 42.67 11416     0 64.311
  3 28 28 37.43 41.28 42.82 20040 0.00 0.00 0.00     0 37.01 41.02 42.67 10706     0 62.704
  3 28 28 37.84 40.15 40.73 24464 0.00 0.00 0.00     0 37.47 40.00 40.51  9450     0 26.478
